-1.813799691408874423e+03
-1.812824586008234746e+03
-1.812623742345003620e+03
-1.812270614621362711e+03
-1.812867919276892508e+03
-1.812270614621362711e+03
-1.813049731469156768e+03
-1.812540373607924721e+03
-1.812872250485674840e+03
-1.813269671071373750e+03
-1.811387319689099968e+03
-1.812998599449208996e+03
-1.812944494193644459e+03
-1.813159733275851067e+03
-1.813377834901444203e+03
-1.813159733275851067e+03
-1.812542752633972214e+03
-1.812754249189073789e+03
-1.813318135031058773e+03
-1.812469719777447608e+03
-1.812111375634667866e+03
-1.813357829417317134e+03
-1.813360776137855510e+03
-1.813440659881577403e+03
-1.813720068470732258e+03
-1.813576745364986209e+03
-1.812978381163022959e+03
-1.812944876654502650e+03
-1.813555944308144717e+03
-1.812672896082424586e+03
-1.812143921005972516e+03
-1.813555965434039763e+03
-1.813692114595182829e+03
-1.813627128441629793e+03
-1.813775356972029385e+03
-1.813672483496904761e+03
-1.813385789521785682e+03
-1.812892322941894008e+03
-1.813683394073710815e+03
-1.813707289704417462e+03
-1.813915589686632529e+03
-1.813738010388578459e+03
-1.812889758132483848e+03
-1.813784548880475995e+03
-1.814115733759952491e+03
-1.813816083527131468e+03
-1.813588487817932446e+03
-1.813350203035598724e+03
-1.813743110535315964e+03
-1.813888856030399893e+03
-1.814079055621926273e+03
-1.813752349058327582e+03
-1.813761848661925114e+03
-1.814056109144733455e+03
-1.814151545030951183e+03
-1.814033652306971817e+03
-1.813778928384581150e+03
-1.813472954460730534e+03
-1.813829891736943409e+03
-1.813932288213575475e+03
-1.814233825327121622e+03
-1.813786014371953797e+03
-1.813605940618265095e+03
-1.814110849767711898e+03
-1.814246383515038360e+03
-1.814056459734529426e+03
-1.813858229155640174e+03
-1.813640959577697458e+03
-1.813772952567464699e+03
-1.814021086601976776e+03
-1.814228580494308517e+03
-1.813775384694172544e+03
-1.813843295631492310e+03
-1.814175892658207658e+03
-1.814319030405192734e+03
-1.814073943007902471e+03
-1.813879045455789083e+03
-1.813712768326460036e+03
-1.814002734043516057e+03
-1.813960451612824045e+03
-1.814276236824089665e+03
-1.813850648628098497e+03
-1.813171291123092715e+03
-1.814244693677383111e+03
-1.814355979744316755e+03
-1.814193369899351865e+03
-1.813971577415642514e+03
-1.813719233607047499e+03
-1.814072511498326776e+03
-1.814208609601854960e+03
-1.814321826222654863e+03
-1.813962848461453177e+03
-1.813345442015462140e+03
-1.814275097435320959e+03
-1.814396420369155976e+03
-1.814226662268803921e+03
-1.814005845864967569e+03
-1.813824545510051621e+03
-1.814167215011716280e+03
-1.814263309683554553e+03
-1.814258755017194289e+03
-1.814009244326104863e+03
-1.813534627074867331e+03
-1.814301288774555132e+03
-1.814364100536083924e+03
-1.814260619438658523e+03
-1.814008406650373672e+03
-1.813913481784981514e+03
-1.814213514471022336e+03
-1.814299419447830587e+03
-1.812098847674748868e+03
-1.813079866187429843e+03
-1.813642760232373121e+03
-1.814424158258713987e+03
-1.814542965801079845e+03
-1.814311286993479825e+03
-1.814211711481974817e+03
-1.813956489358317867e+03
-1.814271621673898153e+03
-1.814315906146585348e+03
-1.812986813334671751e+03
-1.813122556936315959e+03
-1.813749622905906108e+03
-1.814429684614971620e+03
-1.814455297460197244e+03
-1.814301009773990700e+03
-1.813973631750991899e+03
-1.814064166264763344e+03
-1.814291792147535489e+03
-1.814580606900367911e+03
-1.813295448059008550e+03
-1.813379847659530697e+03
-1.813913067392576750e+03
-1.814509946124368071e+03
-1.814599130605821756e+03
-1.814351225731234763e+03
-1.814009211746370056e+03
-1.814066272380278178e+03
-1.814250642686132323e+03
-1.814431420342904858e+03
-1.813558704195153723e+03
-1.813769211904253325e+03
-1.814142518631614621e+03
-1.814444807490841185e+03
-1.814490404393836343e+03
-1.814507710194289075e+03
-1.813873570089242321e+03
-1.814096905789356242e+03
-1.814333592299300335e+03
-1.814484549235323584e+03
-1.813614273907663119e+03
-1.813898454710451688e+03
-1.814079730471303492e+03
-1.814530658529153015e+03
-1.814523191607029503e+03
-1.814388831562896939e+03
-1.814118922236405751e+03
-1.814110563664191204e+03
-1.814408183396925097e+03
-1.814458756595000978e+03
-1.813704990197099050e+03
-1.814009954321482837e+03
-1.814174833174668038e+03
-1.814540200434606959e+03
-1.814377493834758525e+03
-1.814420053940677690e+03
-1.814021073877107938e+03
-1.814135628459840518e+03
-1.813432013206530200e+03
-1.814580090406135469e+03
-1.813791093886271710e+03
-1.814072988624755908e+03
-1.814238554886798056e+03
-1.814410548754236288e+03
-1.814314339455878553e+03
-1.814423836705153917e+03
-1.814021435702960389e+03
-1.814095369343326638e+03
-1.813824910431385206e+03
-1.814465375976466476e+03
-1.813858169455784491e+03
-1.814190475029964773e+03
-1.814272318490582165e+03
-1.813055088612862392e+03
-1.814287561946853884e+03
-1.814355257110342791e+03
-1.814025006399052472e+03
-1.814123869499733473e+03
-1.813903120687925593e+03
-1.814381042575896345e+03
-1.813876669282802141e+03
-1.814076879871019628e+03
-1.814297286995207742e+03
-1.813620896486174161e+03
-1.814168575070463476e+03
-1.814335831260397981e+03
-1.814103114427032779e+03
-1.814213011546808730e+03
-1.813929758442346838e+03
-1.814493574651964764e+03
-1.813990365033278522e+03
-1.814124369382874875e+03
-1.814317268071810076e+03
-1.813753606812337694e+03
-1.814148515089300872e+03
-1.814414470338602541e+03
-1.813996476286015195e+03
-1.814328901307866090e+03
-1.814009036299199124e+03
-1.814482632029658134e+03
-1.814057821172139711e+03
-1.814185846700851698e+03
-1.813377129843968532e+03
-1.813997165137331422e+03
-1.814342309195046482e+03
-1.814427881939117697e+03
-1.813960487444431919e+03
-1.814376323171769400e+03
-1.814132319693364707e+03
-1.814500750588164237e+03
-1.814045925450049026e+03
-1.814257468814723552e+03
-1.813634892165125848e+03
-1.814206718018164111e+03
-1.814307217168123088e+03
-1.814453419944650932e+03
-1.813973406295117911e+03
-1.814416906101115956e+03
-1.814235741654932781e+03
-1.814378801075666615e+03
-1.814156699913686680e+03
-1.814293827459556042e+03
-1.813975802334779928e+03
-1.814248795803395296e+03
-1.814355687005663412e+03
-1.814480898176635719e+03
-1.814041131054937978e+03
-1.814385014976625371e+03
-1.814271629348928855e+03
-1.814709152181133277e+03
-1.814142732677851200e+03
-1.814265955537733589e+03
-1.814005492435125689e+03
-1.814175444080198758e+03
-1.814378328823872152e+03
-1.814488377419890639e+03
-1.814182664879983122e+03
-1.814387855977480513e+03
-1.814352674923124141e+03
-1.814604001556855110e+03
-1.814190938722529381e+03
-1.814306924625787815e+03
-1.814260380567054654e+03
-1.814250888055484211e+03
-1.814517268229866204e+03
-1.814438596098960261e+03
-1.814094734320921589e+03
-1.814373272668845402e+03
-1.814282994031350199e+03
-1.814566014810446404e+03
-1.814203513737946423e+03
-1.814284413374469295e+03
-1.814333500470097533e+03
-1.814209236871212170e+03
-1.814404239863843941e+03
-1.814496118453092322e+03
-1.814102074133118549e+03
-1.814574612206522943e+03
-1.814301924194182902e+03
-1.814532288428689981e+03
-1.814081426684679400e+03
-1.814428933645510824e+03
-1.814300792373421473e+03
-1.814305886713432983e+03
-1.814397410441190232e+03
-1.814487246834288726e+03
-1.814129872905885350e+03
-1.814457518370289336e+03
-1.814493807275077415e+03
-1.814576165870769955e+03
-1.814206848939702240e+03
-1.814261370110403277e+03
-1.814451380237413559e+03
-1.814310804209941125e+03
-1.814298101622667900e+03
-1.814496288683791590e+03
-1.814151407138728018e+03
-1.814419951875032439e+03
-1.814255064901394690e+03
-1.814622984850634566e+03
-1.813111793804723675e+03
-1.814479238119345609e+03
-1.814485133349965736e+03
-1.814408753362063180e+03
-1.814291465685713320e+03
-1.814575222147252134e+03
-1.814172553604779068e+03
-1.814084225967771090e+03
-1.812789251247863831e+03
-1.814603871500742116e+03
-1.813640345202529716e+03
-1.814350756028637534e+03
-1.814541720123285131e+03
-1.814469028156108379e+03
-1.814454226180007254e+03
-1.814520940259302279e+03
-1.814327954350628943e+03
-1.814385116874504092e+03
-1.814323525526017647e+03
-1.812714866733728741e+03
-1.813782443624839971e+03
-1.814429781533252481e+03
-1.814460523239259146e+03
-1.812855301265530215e+03
-1.814322285523760684e+03
-1.814527213093310593e+03
-1.814342542171448031e+03
-1.814468022087932241e+03
-1.814365413001880825e+03
-1.813338742557430805e+03
-1.813862665334169833e+03
-1.814338594205473100e+03
-1.814485342301044284e+03
-1.813375840590757889e+03
-1.814243737664834725e+03
-1.814471319596970716e+03
-1.814197402215199190e+03
-1.814545323706682666e+03
-1.814224840612889011e+03
-1.813840642003551011e+03
-1.813880507288126410e+03
-1.814302699787550864e+03
-1.814675265639101781e+03
-1.813773846239580735e+03
-1.814356342936091096e+03
-1.814538568700470250e+03
-1.814188095154072698e+03
-1.814534751178901843e+03
-1.814267770106986063e+03
-1.814129777788514730e+03
-1.813992530226393683e+03
-1.814380958357947748e+03
-1.812959589672395623e+03
-1.813971322958234168e+03
-1.814348771815624104e+03
-1.814428548867730797e+03
-1.814105701836747585e+03
-1.814524696873911807e+03
-1.812417280286910000e+03
-1.814230231170110301e+03
-1.813931707542277081e+03
-1.814364844981927490e+03
-1.813347566381944034e+03
-1.814024870723468666e+03
-1.814458100342252010e+03
-1.814496192210435311e+03
-1.814116184731933799e+03
-1.814536916803717759e+03
-1.813137689378240339e+03
-1.814085689898482087e+03
-1.814088452893928206e+03
-1.814405102669757525e+03
-1.813655921829754107e+03
-1.814066757987108303e+03
-1.814372718263573233e+03
-1.814569030491511057e+03
-1.814167521803220097e+03
-1.814542787184591816e+03
-1.813336979282591301e+03
-1.814195374759479364e+03
-1.814067341631729278e+03
-1.814368600704789969e+03
-1.813816448083319528e+03
-1.814173003918645463e+03
-1.814282567017805604e+03
-1.814592543976567185e+03
-1.814334948552682818e+03
-1.814573911866951448e+03
-1.813418202236563502e+03
-1.814173120118915449e+03
-1.814110799382569212e+03
-1.814459961024981112e+03
-1.814015805968820587e+03
-1.814262644739400230e+03
-1.814325100033473973e+03
-1.814399600524442349e+03
-1.814204874237683498e+03
-1.814579567251152412e+03
-1.813656949516899886e+03
-1.814443644798282548e+03
-1.814188042865300076e+03
-1.814477511975429252e+03
-1.814012282357222830e+03
-1.814284896534958762e+03
-1.814280040026907045e+03
-1.814565070823909537e+03
-1.814363354965389135e+03
-1.814621560557242219e+03
-1.813714473845432394e+03
-1.814452857132346253e+03
-1.814215565634622408e+03
-1.814520281933972001e+03
-1.814095649800085084e+03
-1.814295979257586396e+03
-1.814318973877628650e+03
-1.814459896247221195e+03
-1.814260253598077270e+03
-1.814664516725924386e+03
-1.813786431144824974e+03
-1.814455841021529977e+03
-1.814387427918118192e+03
-1.814514151474229038e+03
-1.814248404727299203e+03
-1.814380353463721804e+03
-1.812986855311324916e+03
-1.814718265142489145e+03
-1.814235036588800313e+03
-1.814565531259949012e+03
-1.813956748204740506e+03
-1.814514235941164543e+03
-1.814347190404664389e+03
-1.814510494325400032e+03
-1.814376113111190762e+03
-1.814405976711127096e+03
-1.813237846549202686e+03
-1.814625918021132975e+03
-1.814270225990175049e+03
-1.814608995636894633e+03
-1.813886640323613392e+03
-1.814591600021041813e+03
-1.814343813033582137e+03
-1.814715811182240714e+03
-1.814301868614662681e+03
-1.814410482285879198e+03
-1.813338536035838388e+03
-1.814708318927079745e+03
-1.814423249412919404e+03
-1.814623659988372083e+03
-1.814056168484321461e+03
-1.814529023409697174e+03
-1.813267150613405647e+03
-1.814594150372617150e+03
-1.814287571288821255e+03
-1.814278249842212290e+03
-1.813575383699216673e+03
-1.814699215672865193e+03
-1.814353164395773319e+03
-1.813627456406872170e+03
-1.814131839203916343e+03
-1.814591371478712063e+03
-1.813365007608205133e+03
-1.814598691588649899e+03
-1.814279757659197230e+03
-1.814405597423291738e+03
-1.813631404749444755e+03
-1.814723061913162837e+03
-1.814300127537545222e+03
-1.814057764799023289e+03
-1.814186994198260663e+03
-1.814724681205952038e+03
-1.813524135472635407e+03
-1.814610002272684142e+03
-1.814472913776472524e+03
-1.814421022309358477e+03
-1.813851023543770452e+03
-1.814630162797460116e+03
-1.814329815503982218e+03
-1.814248092007894229e+03
-1.814234307446241473e+03
-1.814599668999992673e+03
-1.813609690880527751e+03
-1.814637758891278281e+03
-1.814353273393858217e+03
-1.814347134763433132e+03
-1.813824370716032263e+03
-1.814647228126666732e+03
-1.814352889795468855e+03
-1.814460496082352847e+03
-1.814135427351922544e+03
-1.814617664854721397e+03
-1.813763498123752242e+03
-1.814629171718750285e+03
-1.814286668979472097e+03
-1.814506042249012808e+03
-1.813891991449479065e+03
-1.814674963852015026e+03
-1.814330433239367494e+03
-1.814409173958151541e+03
-1.814086134924364615e+03
-1.814651819199437114e+03
-1.813918551356810212e+03
-1.814576937745582654e+03
-1.814291723763631808e+03
-1.814538628221235058e+03
-1.813898042971429277e+03
-1.814664561737196436e+03
-1.814405733575879594e+03
-1.814402504128833471e+03
-1.814133374537022064e+03
-1.814647512514596428e+03
-1.813922085667814372e+03
-1.814632087118085792e+03
-1.814379867319769119e+03
-1.812929289586117193e+03
-1.813976712811507468e+03
-1.814684153313353136e+03
-1.814351980337469740e+03
-1.814396987708315464e+03
-1.814095083497319138e+03
-1.814632339470616216e+03
-1.813928059535838884e+03
-1.814626917168817045e+03
-1.814249442067012978e+03
-1.813304933525563001e+03
-1.813990572932109899e+03
-1.814088826917160304e+03
-1.814292840206670007e+03
-1.814386206607060103e+03
-1.814125806837261734e+03
-1.814418698457938035e+03
-1.814040601836492215e+03
-1.814605428663516250e+03
-1.814269930721745595e+03
-1.812988983804531472e+03
-1.813980581387835628e+03
-1.814184612983011448e+03
-1.814347684815096272e+03
-1.814409145188394177e+03
-1.814201243825297979e+03
-1.814618629628626195e+03
-1.813976626585532813e+03
-1.814604347807594195e+03
-1.814331180248149394e+03
-1.813266618168471268e+03
-1.814137759642431092e+03
-1.814217579004351137e+03
-1.814377970525931914e+03
-1.813104891808624416e+03
-1.812521459903462528e+03
-1.814549297919576702e+03
-1.814044336369491020e+03
-1.814582903232545277e+03
-1.814391277996729741e+03
-1.813582760380158106e+03
-1.814020795735945512e+03
-1.814233584504294640e+03
-1.814388723051451279e+03
-1.813419903134085644e+03
-1.813141814884795622e+03
-1.814625092197071808e+03
-1.814104025356766670e+03
-1.814707538085099941e+03
-1.814559006415011254e+03
-1.813963009673069109e+03
-1.814050652952998234e+03
-1.814280950704510360e+03
-1.814402226030586462e+03
-1.813579466471348951e+03
-1.813415724454014025e+03
-1.814582060193062034e+03
-1.814141175361240585e+03
-1.814595949980088335e+03
-1.814430756076888201e+03
-1.814125852244496855e+03
-1.814073774984986130e+03
-1.814345708826932878e+03
-1.814406179959932842e+03
-1.813719456051888983e+03
-1.813456493043915316e+03
-1.814652107688835713e+03
-1.814082130140593108e+03
-1.814611394333935095e+03
-1.814280959800228175e+03
-1.814199187523334786e+03
-1.814101304531144024e+03
-1.814357892838156431e+03
-1.814425921844548157e+03
-1.814061374559402566e+03
-1.811927145847906559e+03
-1.814608722079158724e+03
-1.814103213360819154e+03
-1.814491427298045892e+03
-1.814421073317323589e+03
-1.814384452180604967e+03
-1.814123248685446470e+03
-1.814462147548003486e+03
-1.814444632302369200e+03
-1.812473309417282280e+03
-1.813058859803871201e+03
-1.814621814055983577e+03
-1.814176642220437088e+03
-1.814558994027592689e+03
-1.814425422981802740e+03
-1.814273064303627052e+03
-1.814164161937227391e+03
-1.814496478003047287e+03
-1.814438259726503247e+03
-1.812914863971117938e+03
-1.811949491346615787e+03
-1.812788009562788602e+03
-1.814207333042980281e+03
-1.814479070287043669e+03
-1.814414944444067032e+03
-1.814284113874884724e+03
-1.814163350286527702e+03
-1.814514025019893097e+03
-1.813490588182703959e+03
-1.813358547907470211e+03
-1.812553964030647421e+03
-1.813300830865271109e+03
-1.814255547677758386e+03
-1.814393568084671415e+03
-1.814135626193231246e+03
-1.814269916314485727e+03
-1.814190779360546685e+03
-1.814524138916654010e+03
-1.812713375315576286e+03
-1.813654557298220652e+03
-1.812634167951201334e+03
-1.813479039683897781e+03
-1.814275894953287889e+03
-1.814416912209986094e+03
-1.814420135071569575e+03
-1.814336549532810523e+03
-1.814215983432961821e+03
-1.814542849128525404e+03
-1.813268977893873625e+03
-1.813703251135662867e+03
-1.813017318703121418e+03
-1.813697285419320451e+03
-1.814234193750840404e+03
-1.814541849982196254e+03
-1.814442169282060377e+03
-1.814352515887652089e+03
-1.814170873017156509e+03
-1.814497919615112551e+03
-1.813483708752565690e+03
-1.813930203208943794e+03
-1.813278112800529243e+03
-1.812835630870057912e+03
-1.814195864738915816e+03
-1.814363944443223772e+03
-1.814592116259633485e+03
-1.814497631659139188e+03
-1.814205612552823141e+03
-1.814564381350087160e+03
-1.813742885791154549e+03
-1.814037400099913384e+03
-1.813427444138706505e+03
-1.812874628242753033e+03
-1.814276096292683860e+03
-1.814486524003928707e+03
-1.814453056819422727e+03
-1.814353987438244985e+03
-1.814233682138235736e+03
-1.814531675402006840e+03
-1.813979891760095825e+03
-1.814095673382867062e+03
-1.813701101367816136e+03
-1.811950568978283400e+03
-1.814303025171037689e+03
-1.814369663882709574e+03
-1.814398753588353657e+03
-1.814402951475896543e+03
-1.814202977704587511e+03
-1.814609638510315563e+03
-1.812988851731940485e+03
-1.814166501052862259e+03
-1.813677254186415439e+03
-1.812185101711452262e+03
-1.814169046140077626e+03
-1.814379295650856420e+03
-1.814462641575948055e+03
-1.814391643143922920e+03
-1.814063452450933028e+03
-1.814539225731609122e+03
-1.813044737402685541e+03
-1.814198599979751407e+03
-1.813717232150512928e+03
-1.812618359637380308e+03
-1.814150557949024460e+03
-1.814462104346858951e+03
-1.814445747413279150e+03
-1.814162105306559170e+03
-1.814218120712420841e+03
-1.814597644474613162e+03
-1.813166785599428295e+03
-1.814082690764210611e+03
-1.813594019609498901e+03
-1.812714414172961142e+03
-1.814206762001266497e+03
-1.814494653677935730e+03
-1.814430970732566266e+03
-1.814337334548494255e+03
-1.813987854573111917e+03
-1.814623481653918361e+03
-1.813246349665488424e+03
-1.814213437738985931e+03
-1.813693933194538204e+03
-1.812875391473984109e+03
-1.814214716998800668e+03
-1.814490649321556248e+03
-1.814355251189557976e+03
-1.814332869053055674e+03
-1.814012165347099653e+03
-1.814667235624785008e+03
-1.813318142419127753e+03
-1.814234606782996480e+03
-1.813641159217928134e+03
-1.813038708725533070e+03
-1.814201360785883480e+03
-1.814517149578244698e+03
-1.814328184710866481e+03
-1.814327723481936573e+03
-1.814022430710803974e+03
-1.814595346243013864e+03
-1.813222899028547090e+03
-1.813131783631538383e+03
-1.813703656117303353e+03
-1.813224936736663494e+03
-1.814222781800729081e+03
-1.814546176530422372e+03
-1.814303213003463270e+03
-1.814271311842463092e+03
-1.813996270668828402e+03
-1.814654645050890622e+03
-1.813362574169967502e+03
-1.812487818041179935e+03
-1.813934738966550412e+03
-1.813330217874848131e+03
-1.814194668529917863e+03
-1.814480706974668692e+03
-1.814371162744028425e+03
-1.814289003677438359e+03
-1.813972360312197452e+03
-1.814638724794794371e+03
-1.813354403684089675e+03
-1.812955665394193602e+03
-1.813844305898846642e+03
-1.813427224871354383e+03
-1.814248965811474818e+03
-1.814504688039909979e+03
-1.814347236733372938e+03
-1.814322503941461264e+03
-1.813984044491773830e+03
-1.814777535033872027e+03
-1.813431107818121518e+03
-1.813261797973304510e+03
-1.813838835486503967e+03
-1.812433656877522708e+03
-1.814185303439995096e+03
-1.814498606873064773e+03
-1.814361395053969545e+03
-1.814348168929862140e+03
-1.813998823989652919e+03
-1.814635807354999088e+03
-1.813531569725153076e+03
-1.813474938765871457e+03
-1.813806931072418138e+03
-1.812708988654057521e+03
-1.814121443126141003e+03
-1.814527581137587276e+03
-1.814338697641668887e+03
-1.814358108998953867e+03
-1.814080047588383650e+03
-1.814801447757878123e+03
-1.813736907079327693e+03
-1.813512637301152154e+03
-1.813970357729253919e+03
-1.812829523953744228e+03
-1.814200742622178041e+03
-1.814509051283735289e+03
-1.814515403776959147e+03
-1.814309134081242973e+03
-1.812656007870928534e+03
-1.814616674538324560e+03
-1.813649571601180696e+03
-1.813650230424289703e+03
-1.813926945860793239e+03
-1.813137758070304471e+03
-1.814197986351701047e+03
-1.814538457186203004e+03
-1.814396986976058088e+03
-1.813072165046258078e+03
-1.812907145246156460e+03
-1.814663377203389018e+03
-1.813971182909808476e+03
-1.813780897864619192e+03
-1.814005395766357424e+03
-1.813189894200142817e+03
-1.814336489641095568e+03
-1.814577438021853595e+03
-1.814361988987988525e+03
-1.812835478296169185e+03
-1.813350191701362519e+03
-1.814648987984937094e+03
-1.813982186636218330e+03
-1.813929128010295017e+03
-1.813896263970352948e+03
-1.813227997240007198e+03
-1.814074565468589071e+03
-1.814586929786088604e+03
-1.814365807018774376e+03
-1.813185963850178041e+03
-1.813449532750226808e+03
-1.814657236785537407e+03
-1.814255655965742335e+03
-1.812718250802560078e+03
-1.814036394350955334e+03
-1.813194164171508419e+03
-1.814219838505215648e+03
-1.814493515805803099e+03
-1.814398592288551527e+03
-1.813565709263206827e+03
-1.813563384356002643e+03
-1.814617071499847498e+03
-1.814343443123047564e+03
-1.812916692498785551e+03
-1.813042715917973283e+03
-1.813362971132665052e+03
-1.814236692793388329e+03
-1.814572171180176156e+03
-1.814285028242371936e+03
-1.813749968929645775e+03
-1.813677790721568726e+03
-1.814681024859894706e+03
-1.814370291195402160e+03
-1.813004717399042647e+03
-1.812156626508962745e+03
-1.813684005445663161e+03
-1.814376618104323597e+03
-1.814612567374110768e+03
-1.814401395576416689e+03
-1.813892370073491293e+03
-1.813771891202372217e+03
-1.814797995171963066e+03
-1.814363705791259690e+03
-1.813235437747437800e+03
-1.812745170095535741e+03
-1.813754143358237798e+03
-1.814308409621317878e+03
-1.814604625301049055e+03
-1.814372501274516480e+03
-1.814198305194940531e+03
-1.813796641700492501e+03
-1.814680594419011868e+03
-1.814541700092622932e+03
-1.813607528631603827e+03
-1.812881184290796227e+03
-1.813789949787285877e+03
-1.814309817435711238e+03
-1.814548765075386882e+03
-1.814410451396822737e+03
-1.814298584632216262e+03
-1.813832652768741582e+03
-1.814597378595345390e+03
-1.814420313697743268e+03
-1.812334440928515505e+03
-1.813256649062831684e+03
-1.812418936771113067e+03
-1.814326233918603066e+03
-1.814646037575405899e+03
-1.814513723377139513e+03
-1.814278903844257002e+03
-1.813976917425486363e+03
-1.814654655089743073e+03
-1.814595978671815374e+03
-1.812823876808753312e+03
-1.813428407320134966e+03
-1.812664000634620606e+03
-1.814271401361683274e+03
-1.814651727751786666e+03
-1.814516478053708170e+03
-1.814352206628416980e+03
-1.814009011277595164e+03
-1.814619805194048467e+03
-1.814402107689611739e+03
-1.813133253722937070e+03
-1.813585068170632439e+03
-1.812820646131190415e+03
-1.814247148204567111e+03
-1.814654793975788607e+03
-1.814496730527282807e+03
-1.814431301105804550e+03
-1.813981248142917821e+03
-1.814648263163745696e+03
-1.814456421789897377e+03
-1.813392912783956945e+03
-1.813655023909861029e+03
-1.812979385867058681e+03
-1.814316889479871634e+03
-1.814583764141097163e+03
-1.814527900858205612e+03
-1.814435296297507648e+03
-1.814068104341134358e+03
-1.814596683049075409e+03
-1.813013389267214961e+03
-1.813479072280763603e+03
-1.813710540919287723e+03
-1.813097657462322331e+03
-1.814266578134369411e+03
-1.814767916472278102e+03
-1.814486789160152057e+03
-1.814439769338253882e+03
-1.813976059500551401e+03
-1.814620928711351553e+03
-1.813494477213889695e+03
-1.813834021205143699e+03
-1.813835477220180564e+03
-1.813220163845251591e+03
-1.814386916813935841e+03
-1.814601313280396425e+03
-1.814514372176102370e+03
-1.814453908198575391e+03
-1.813949777939688602e+03
-1.814632284467919590e+03
-1.813772377134391263e+03
-1.811273589940863758e+03
-1.813897160850210184e+03
-1.812920865277390249e+03
-1.814404681419534427e+03
-1.814625400918728928e+03
-1.814521050876009895e+03
-1.814575163568214748e+03
-1.814155828622388526e+03
-1.814786669736884505e+03
-1.814073981062979556e+03
-1.812845553061200917e+03
-1.813980445746259420e+03
-1.813156365569187983e+03
-1.814402148401177783e+03
-1.814504811039029164e+03
-1.814611237732444351e+03
-1.814488115020210216e+03
-1.814129426072753176e+03
-1.814662858322620423e+03
-1.814183061411041990e+03
-1.812000452855864069e+03
-1.814065675686769737e+03
-1.813334178368467974e+03
-1.814401755456716728e+03
-1.814624823557614718e+03
-1.814764137202869961e+03
-1.814321599482426336e+03
-1.814067082168263141e+03
-1.814743416630094998e+03
-1.814336593486775882e+03
-1.812261850399601599e+03
-1.814000832447427456e+03
-1.813501086325546339e+03
-1.814423416931869724e+03
-1.814522776407688525e+03
-1.814612840239048182e+03
-1.814532550494450334e+03
-1.814141777340102408e+03
-1.814623422985035177e+03
-1.813253879134648969e+03
-1.812727123711141758e+03
-1.814048946206509981e+03
-1.813627644780026003e+03
-1.814441557144672515e+03
-1.814631206564803051e+03
-1.814638327018055406e+03
-1.814524740942010339e+03
-1.814101461992682061e+03
-1.814703299968588453e+03
-1.813723081902256126e+03
-1.813363497448356839e+03
-1.814072907261806677e+03
-1.813749583949849693e+03
-1.814417024127795685e+03
-1.814596514455685792e+03
-1.814660745917208033e+03
-1.814479206783310474e+03
-1.814183515672603562e+03
-1.814637524099639904e+03
-1.813842128233392714e+03
-1.813464745163265206e+03
-1.814067623126613626e+03
-1.813853073728154413e+03
-1.814395254609656376e+03
-1.814759327528375479e+03
-1.814632344663478989e+03
-1.814427302502319662e+03
-1.814142937739331273e+03
-1.814613050690403497e+03
-1.813982163343923503e+03
-1.813611728998297167e+03
-1.814114199418190083e+03
-1.813882144754725914e+03
-1.814544548929166240e+03
-1.814754962390387618e+03
-1.814566843168261130e+03
-1.814470639465356953e+03
-1.814217021374641945e+03
-1.814693846754553533e+03
-1.814082622543507341e+03
-1.813890018626540268e+03
-1.814174418089360643e+03
-1.813902776335035014e+03
-1.814338739904889280e+03
