-1810.815335749298	7	14	1	9
-1812.2339615094127	7	8	9	19
-1812.6877117462018	7	7	19	29
-1812.2716812591982	7	7	29	39
-1812.9321115134521	7	7	39	49
-1813.4562574085671	7	7	49	59
-1813.1815100646643	7	9	59	69
-1813.137282435354	7	9	69	79
-1813.5967043967066	7	7	79	89
-1813.3870539488967	7	7	89	99
-1813.870899724802	7	7	99	109
-1812.149232535958	7	7	109	119
-1813.4320128384384	7	9	119	129
-1813.7943626118254	7	7	129	139
-1813.9007388884957	7	9	139	149
-1813.4175953480067	7	7	149	159
-1812.2765550000206	7	10	159	169
-1813.1119699465894	7	7	169	179
-1813.3427558921667	7	7	179	189
-1813.4846316386308	7	9	189	199
-1813.203202818298	7	7	199	209
-1813.5953359828316	7	7	209	219
-1812.7772129410969	7	8	219	229
-1813.295503075607	7	7	229	239
-1814.2089063119927	7	9	239	249
-1813.925296633201	7	8	249	259
-1813.021976473586	7	7	259	269
-1813.317690847494	7	7	269	279
-1814.097422426913	7	7	279	289
-1812.5752682639732	7	9	289	299
-1812.4765124735345	7	7	299	309
-1812.9703261415698	7	7	309	319
-1813.8095710768255	7	8	319	329
-1814.1474660858753	7	7	329	339
-1810.0863821481132	7	10	339	349
-1812.2896698241989	7	8	349	359
-1812.6006909659525	7	7	359	369
-1813.033567733003	7	7	369	379
-1813.327170976979	7	7	379	389
-1813.4513812805403	7	7	389	399
-1813.2064545730875	7	8	399	409
-1813.7232011308815	7	8	409	419
-1813.4129203633659	7	10	419	429
-1813.5392937559677	7	7	429	439
-1813.7847342937862	7	7	439	449
-1813.8805241694947	7	7	449	459
-1813.50403057387	7	7	459	469
-1813.810859050003	7	9	469	479
-1814.0253733371876	7	7	479	489
-1814.0838214987216	7	7	489	499
-1813.4543405649536	7	7	499	509
-1813.2309462479684	7	7	509	519
-1813.4348830136298	7	8	519	529
-1809.1454835121729	7	10	529	539
-1812.0609110908993	7	7	539	549
-1812.738306044843	7	9	549	559
-1812.459653640836	7	7	559	569
-1808.2210689992419	7	10	569	579
-1811.6254334685268	7	7	579	589
-1808.3113992399083	7	10	589	599
-1811.6649466697372	7	8	599	609
-1811.0436688252207	7	9	609	619
-1812.5640008759737	7	8	619	629
-1812.600043364667	7	7	629	639
-1812.822378190806	7	7	639	649
-1812.454081900616	7	9	649	659
-1812.7562712754452	7	7	659	669
-1812.7316895455326	7	7	669	679
-1812.6739666211224	7	7	679	689
-1812.828208558096	7	8	689	699
-1812.8860613542743	7	8	699	709
-1812.8212777355004	7	7	709	719
-1813.5240294932203	7	7	719	729
-1813.6820540792694	7	7	729	739
-1813.7344747601705	7	7	739	749
-1813.2299854360585	7	8	749	759
-1813.2962999336285	7	7	759	769
-1813.8861787135033	7	8	769	779
-1813.9234476433364	7	8	779	789
-1813.5906078624018	7	7	789	799
-1813.1965829843843	7	7	799	809
-1809.2622293938553	7	7	809	819
-1808.9065892451376	7	11	819	829
-1812.1367386636152	7	7	829	839
-1812.2294420603257	7	7	839	849
-1812.6635658011326	7	7	849	859
-1811.7717479436678	7	7	859	869
-1812.9165349526502	7	7	869	879
-1813.3415742777154	7	7	879	889
-1813.476724834557	7	7	889	899
-1812.8442101366543	7	7	899	909
-1813.6714138854031	7	7	909	919
-1813.3050398666808	7	7	919	929
-1813.4582341665878	7	7	929	939
-1813.7021121026728	7	8	939	949
-1813.2490497227668	7	7	949	959
-1813.7889788978246	7	7	959	969
-1813.457395829656	7	7	969	979
-1813.7692230066211	7	7	979	989
-1813.9226921365737	7	7	989	999
-1811.7931114357061	5	12	1	7
-1808.1541221866985	5	10	7	17
-1812.5186129378792	5	7	17	27
-1812.9324857113238	5	7	27	37
-1813.2837489635112	5	7	37	47
-1812.4498625893036	5	7	47	57
-1813.6661285487573	5	7	57	67
-1813.2688022939021	5	7	67	77
-1813.389882117053	5	10	77	87
-1813.5363692048227	5	7	87	97
-1813.791724297822	5	8	97	107
-1813.7289149931248	5	7	107	117
-1813.8159710293096	5	8	117	127
-1813.2761528719318	5	7	127	137
-1813.8018376457028	5	7	137	147
-1813.7346402691614	5	7	147	157
-1813.9791065104814	5	8	157	167
-1813.370847573117	5	7	167	177
-1813.8474491089507	5	7	177	187
-1813.676132265747	5	9	187	197
-1813.397987627959	5	7	197	207
-1813.3025526463703	5	7	207	217
-1813.2239015613397	5	7	217	227
-1813.5198935903836	5	7	227	237
-1812.3085364093356	5	7	237	247
-1813.518466328829	5	7	247	257
-1813.3868863495823	5	7	257	267
-1813.651038492404	5	7	267	277
-1813.3259460815416	5	7	277	287
-1813.9646320402715	5	7	287	297
-1814.1081785583644	5	7	297	307
-1813.3284613496696	5	7	307	317
-1814.0748671725578	5	7	317	327
-1813.757192649391	5	7	327	337
-1813.7825439625776	5	9	337	347
-1813.4751453668193	5	8	347	357
-1814.0366064705759	5	7	357	367
-1813.5399894153763	5	8	367	377
-1813.3554147876448	5	7	377	387
-1813.0971465183322	5	7	387	397
-1814.0409606125017	5	7	397	407
-1813.9893731262707	5	7	407	417
-1814.0245769218395	5	7	417	427
-1814.1032989235837	5	7	427	437
-1814.0841938758285	5	8	437	447
-1814.1329860546525	5	7	447	457
-1813.9996746487036	5	7	457	467
-1814.2395340269743	5	7	467	477
-1814.2760305488157	5	7	477	487
-1814.0068752624422	5	7	487	497
-1814.121951511885	5	7	497	507
-1813.6809862287805	5	7	507	517
-1813.6153489226058	5	8	517	527
-1813.6935353553251	5	9	527	537
-1812.7922575557955	5	9	537	547
-1814.1575386358825	5	8	547	557
-1813.3477475055981	5	7	557	567
-1813.949287752193	5	8	567	577
-1813.5742192028918	5	7	577	587
-1813.8530158698468	5	9	587	597
-1811.926085924203	5	10	597	607
-1807.9348396925204	5	7	607	617
-1812.652872453918	5	7	617	627
-1812.5944694767086	5	7	627	637
-1812.9145962699972	5	7	637	647
-1813.470841780691	5	7	647	657
-1810.671805755625	5	10	657	667
-1812.8329404835583	5	7	667	677
-1812.5127392851482	5	7	677	687
-1813.0232779399043	5	7	687	697
-1813.0783227935547	5	7	697	707
-1812.5578566464433	5	8	707	717
-1812.834005550898	5	8	717	727
-1812.632141822464	5	7	727	737
-1813.095213533418	5	7	737	747
-1812.845140578146	5	7	747	757
-1813.3549041528815	5	7	757	767
-1813.5525157709578	5	11	767	777
-1813.3974664145067	5	7	777	787
-1813.7113773219944	5	7	787	797
-1813.9809885185757	5	7	797	807
-1813.6411051868088	5	7	807	817
-1813.9078320853896	5	7	817	827
-1814.1999957353814	5	9	827	837
-1814.054931133123	5	8	837	847
-1813.3899039298944	5	7	847	857
-1814.061472215237	5	8	857	867
-1814.3994865525958	5	7	867	877
-1814.016096244177	5	7	877	887
-1810.517836677456	5	10	887	897
-1812.604939770941	5	7	897	907
-1813.2951507548694	5	7	907	917
-1812.8713801828558	5	7	917	927
-1812.7413510596123	5	7	927	937
-1813.7902157191709	5	9	937	947
-1812.4565077429397	5	10	947	957
-1813.0186470826018	5	7	957	967
-1813.4151657753337	5	7	967	977
-1813.5309938630894	5	8	977	987
-1813.5584484472397	5	7	987	997
-1812.4724868127125	8	15	1	10
-1806.2366838929408	8	10	10	20
-1812.092275714202	8	8	20	30
-1812.3257877440444	8	7	30	40
-1813.3907144523812	8	7	40	50
-1813.2160672896366	8	7	50	60
-1812.7257363351946	8	7	60	70
-1813.2571004610852	8	9	70	80
-1812.8172004841379	8	9	80	90
-1812.8739939109912	8	7	90	100
-1813.360232360364	8	7	100	110
-1813.7737618407223	8	8	110	120
-1814.043778751939	8	7	120	130
-1813.9560930666623	8	7	130	140
-1814.0792649002983	8	7	140	150
-1814.100719709503	8	7	150	160
-1813.8113683730555	8	8	160	170
-1813.708163213404	8	7	170	180
-1813.315452899522	8	9	180	190
-1813.7347999642986	8	7	190	200
-1813.9377688938375	8	7	200	210
-1813.0902861790987	8	7	210	220
-1814.106975231136	8	7	220	230
-1812.6827301881222	8	7	230	240
-1813.2203159450764	8	8	240	250
-1814.2387101285917	8	7	250	260
-1814.095423378118	8	7	260	270
-1813.9456583827878	8	8	270	280
-1814.3664434144616	8	7	280	290
-1813.4048447749542	8	7	290	300
-1809.6178125881538	8	10	300	310
-1812.3209383275705	8	7	310	320
-1812.9416258841072	8	7	320	330
-1812.9651244629638	8	7	330	340
-1813.5878156175834	8	8	340	350
-1813.8114820565606	8	7	350	360
-1813.5060003340507	8	7	360	370
-1813.0064386778517	8	7	370	380
-1814.021108012847	8	7	380	390
-1813.4957717156242	8	9	390	400
-1813.0332986015587	8	7	400	410
-1813.8255597470295	8	7	410	420
-1814.1731106726484	8	7	420	430
-1814.3675093241345	8	7	430	440
-1814.4470719661583	8	7	440	450
-1813.6934404572132	8	7	450	460
-1814.4821031150964	8	7	460	470
-1813.3687789204375	8	8	470	480
-1813.272716724492	8	8	480	490
-1813.970882406213	8	8	490	500
-1813.9005094591762	8	7	500	510
-1814.418334184125	8	8	510	520
-1813.644486191529	8	7	520	530
-1814.3240342922034	8	8	530	540
-1814.094077165997	8	7	540	550
-1814.291982521188	8	8	550	560
-1814.493207819729	8	8	560	570
-1814.5307580496938	8	7	570	580
-1813.7179372028356	8	9	580	590
-1805.8888000378831	8	10	590	600
-1811.9713493318334	8	7	600	610
-1812.5746386821859	8	7	610	620
-1813.3266098092652	8	7	620	630
-1808.738058464145	8	10	630	640
-1812.6253831876986	8	7	640	650
-1808.672872197651	8	10	650	660
-1810.8921434728563	8	7	660	670
-1811.7875006642596	8	7	670	680
-1812.1580410456506	8	10	680	690
-1812.4536576554515	8	7	690	700
-1812.7523273989345	8	7	700	710
-1812.878314716181	8	7	710	720
-1812.858710517053	8	7	720	730
-1813.0156250236114	8	10	730	740
-1809.9614740077814	8	10	740	750
-1811.5139872272255	8	7	750	760
-1812.1991363013396	8	8	760	770
-1811.0070994093437	8	7	770	780
-1812.1190780978889	8	7	780	790
-1812.7920137259762	8	7	790	800
-1813.0578384279613	8	8	800	810
-1813.1294575908767	8	8	810	820
-1813.351862613964	8	7	820	830
-1813.5196889264885	8	7	830	840
-1813.6635779060884	8	7	840	850
-1810.0818199714722	8	10	850	860
-1811.2298553275946	8	7	860	870
-1812.1919630432974	8	7	870	880
-1812.3926753136648	8	7	880	890
-1811.886605797725	8	8	890	900
-1812.590660898846	8	7	900	910
-1810.0130500546722	8	7	910	920
-1812.5810901307525	8	7	920	930
-1812.7979429508011	8	7	930	940
-1813.0228301008938	8	7	940	950
-1813.3119127284397	8	7	950	960
-1812.5955266834635	8	7	960	970
-1813.6080995431842	8	7	970	980
-1813.4764391929798	8	7	980	990
-1813.7099671160129	8	7	990	1000
-1811.9179564084902	6	13	1	8
-1811.8398312956751	6	9	8	18
-1812.7304513999095	6	8	18	28
-1811.7030381600114	6	7	28	38
-1812.8395523388888	6	7	38	48
-1813.1475167543056	6	9	48	58
-1813.2812528163365	6	7	58	68
-1813.3244588403104	6	7	68	78
-1813.5419100818472	6	7	78	88
-1813.384376057376	6	7	88	98
-1813.5890377485462	6	7	98	108
-1813.6084867489362	6	8	108	118
-1813.6312371234258	6	7	118	128
-1813.911922044088	6	7	128	138
-1813.476443168247	6	7	138	148
-1813.8317542097363	6	7	148	158
-1813.7457924720077	6	7	158	168
-1813.2065593674997	6	7	168	178
-1813.493290936953	6	7	178	188
-1813.1418526267425	6	8	188	198
-1813.9052765757917	6	7	198	208
-1813.667217790428	6	8	208	218
-1813.2339551139949	6	7	218	228
-1813.8621127553342	6	7	228	238
-1813.9948785496058	6	7	238	248
-1813.0622656250227	6	7	248	258
-1813.9882332473037	6	7	258	268
-1813.5125881989898	6	7	268	278
-1814.2960239096747	6	7	278	288
-1813.816824985899	6	7	288	298
-1813.4834259884399	6	7	298	308
-1814.2120378064694	6	7	308	318
-1813.9963683345904	6	8	318	328
-1814.3597193668045	6	7	328	338
-1814.2991830274536	6	7	338	348
-1814.2866586249393	6	7	348	358
-1814.1769531597038	6	7	358	368
-1813.923424359153	6	7	368	378
-1813.7987134625537	6	7	378	388
-1814.1466760708038	6	7	388	398
-1814.0975891486057	6	7	398	408
-1814.5174198893953	6	7	408	418
-1814.4608571669826	6	7	418	428
-1813.9390531223303	6	7	428	438
-1810.4007498024573	6	10	438	448
-1813.5236931948982	6	7	448	458
-1813.9000650443154	6	7	458	468
-1813.219908997941	6	7	468	478
-1814.0241625965275	6	9	478	488
-1811.907287764488	6	8	488	498
-1813.919713803668	6	7	498	508
-1814.1658308724138	6	7	508	518
-1814.1622965185386	6	8	518	528
-1810.2395874286653	6	10	528	538
-1812.9663682031182	6	7	538	548
-1813.124826884523	6	7	548	558
-1812.867884601401	6	7	558	568
-1813.2818959988792	6	7	568	578
-1805.7176720942985	6	10	578	588
-1812.468050546802	6	7	588	598
-1812.5962272856934	6	8	598	608
-1812.585131179054	6	7	608	618
-1813.0099117144387	6	7	618	628
-1812.6393335923979	6	7	628	638
-1813.576530733512	6	7	638	648
-1813.8747741568957	6	10	648	658
-1812.877893788024	6	7	658	668
-1813.4672000499809	6	7	668	678
-1812.2111238716693	6	7	678	688
-1813.9876699531608	6	8	688	698
-1812.8490751663799	6	8	698	708
-1808.6858932473588	6	7	708	718
-1807.5485565590304	6	11	718	728
-1811.7700365278522	6	7	728	738
-1812.0636620991922	6	7	738	748
-1812.5468267197064	6	7	748	758
-1813.146116218555	6	8	758	768
-1812.5077018116153	6	7	768	778
-1812.2603786548577	6	7	778	788
-1812.2356560889393	6	7	788	798
-1806.855335339191	6	10	798	808
-1812.5334200293437	6	7	808	818
-1812.5714279941935	6	9	818	828
-1812.8323371984113	6	7	828	838
-1813.0273260720198	6	7	838	848
-1807.9620992310195	6	10	848	858
-1811.8899404096744	6	7	858	868
-1812.1772693619216	6	7	868	878
-1813.0851130101498	6	7	878	888
-1812.7159398461988	6	7	888	898
-1813.4237518430073	6	7	898	908
-1804.4673347116118	6	10	908	918
-1810.99115599678	6	7	918	928
-1805.5710242758496	6	11	928	938
-1810.928272172008	6	9	938	948
-1812.247993885161	6	7	948	958
-1812.7020154135653	6	7	958	968
-1812.22781562042	6	7	968	978
-1812.942860964796	6	7	978	988
-1811.929499998075	6	8	988	998
-1811.1438367266978	0	7	1	2
-1812.432347929399	0	7	2	12
-1812.0592748286363	0	7	12	22
-1813.249948288821	0	7	22	32
-1813.5093775268156	0	7	32	42
-1813.6428418247603	0	7	42	52
-1813.1522896022677	0	7	52	62
-1813.3091164795756	0	7	62	72
-1813.4328566527774	0	7	72	82
-1813.107949805927	0	7	82	92
-1813.694906617809	0	7	92	102
-1807.220688485365	0	7	102	112
-1807.7663579590374	0	10	112	122
-1813.0823623364695	0	7	122	132
-1812.8297452776626	0	7	132	142
-1813.1287969326067	0	7	142	152
-1813.7445483801325	0	8	152	162
-1811.9980538136049	0	7	162	172
-1813.9402663393091	0	7	172	182
-1813.866920468874	0	8	182	192
-1813.6287170831267	0	7	192	202
-1814.0463183463967	0	7	202	212
-1814.096551423364	0	7	212	222
-1813.7420632846288	0	7	222	232
-1814.0813939534003	0	7	232	242
-1813.7664575057731	0	7	242	252
-1813.807096376436	0	7	252	262
-1814.2441476074619	0	7	262	272
-1814.0825906416294	0	7	272	282
-1813.8218957090073	0	9	282	292
-1814.1120671648955	0	7	292	302
-1813.861042253094	0	7	302	312
-1814.2014091061355	0	8	312	322
-1813.3004079728014	0	7	322	332
-1814.0492271569462	0	7	332	342
-1813.640821253721	0	7	342	352
-1813.7994397066457	0	8	352	362
-1814.1747938525011	0	7	362	372
-1814.3576150520935	0	7	372	382
-1814.0402091226308	0	7	382	392
-1814.0232332923454	0	7	392	402
-1814.1062723831708	0	8	402	412
-1814.2107737954777	0	7	412	422
-1813.9816839732046	0	7	422	432
-1814.5136932666856	0	7	432	442
-1813.3800710154605	0	7	442	452
-1814.1626121951595	0	8	452	462
-1813.9510955944336	0	7	462	472
-1814.4960312679348	0	7	472	482
-1814.2606188863986	0	7	482	492
-1814.417503186903	0	8	492	502
-1814.2496895477316	0	7	502	512
-1814.1273917528567	0	7	512	522
-1814.1897635476823	0	8	522	532
-1813.826520165543	0	7	532	542
-1813.594506661302	0	8	542	552
-1814.1257719512703	0	7	552	562
-1814.2673594211994	0	7	562	572
-1814.2863781871868	0	7	572	582
-1813.8202915135168	0	8	582	592
-1814.1637172905264	0	8	592	602
-1814.1274598467144	0	7	602	612
-1814.0173030932647	0	8	612	622
-1814.2856816483322	0	7	622	632
-1813.967910727256	0	7	632	642
-1814.0352736725947	0	7	642	652
-1814.160087547519	0	7	652	662
-1813.850437170567	0	8	662	672
-1812.8128040289541	0	7	672	682
-1813.8458957949258	0	7	682	692
-1814.1309233817672	0	7	692	702
-1813.7958300713797	0	7	702	712
-1813.2154861580811	0	7	712	722
-1814.211051752085	0	7	722	732
-1814.337304550953	0	7	732	742
-1814.3451477205572	0	7	742	752
-1814.2776981522395	0	7	752	762
-1813.9406259392729	0	7	762	772
-1813.8556663665129	0	7	772	782
-1814.046481577237	0	7	782	792
-1814.3978350407115	0	8	792	802
-1814.2159173052728	0	7	802	812
-1813.5209834150621	0	7	812	822
-1814.2156885474863	0	8	822	832
-1813.0037809941123	0	7	832	842
-1814.1263384665476	0	8	842	852
-1813.682517785097	0	7	852	862
-1814.141607695875	0	7	862	872
-1814.550980388416	0	7	872	882
-1813.8982287695533	0	7	882	892
-1813.4881550426076	0	8	892	902
-1814.0650453609862	0	7	902	912
-1812.7029308206977	0	8	912	922
-1814.1422788081904	0	14	922	932
-1814.227815689515	0	7	932	942
-1813.8636417800217	0	9	942	952
-1814.2653895253575	0	7	952	962
-1813.6642267713166	0	7	962	972
-1813.2255862982583	0	8	972	982
-1813.3521821939578	0	7	982	992
-1808.8012733728358	1	8	1	3
-1805.8005531448684	1	10	3	13
-1812.8542793595422	1	7	13	23
-1812.8225351508897	1	9	23	33
-1806.572496874431	1	10	33	43
-1812.8725451819555	1	7	43	53
-1812.2361360008124	1	9	53	63
-1813.526524932393	1	7	63	73
-1810.6138060597464	1	10	73	83
-1812.8951256907249	1	8	83	93
-1812.8880565639197	1	8	93	103
-1813.2615777060553	1	8	103	113
-1813.4871463604584	1	7	113	123
-1813.6128100391452	1	8	123	133
-1812.5923989342643	1	7	133	143
-1813.9244790999358	1	7	143	153
-1813.737108425233	1	7	153	163
-1813.5858227593121	1	7	163	173
-1813.4114019067981	1	7	173	183
-1813.782986544734	1	7	183	193
-1813.1111694511446	1	7	193	203
-1807.3548316367144	1	7	203	213
-1812.5846949566178	1	8	213	223
-1813.5639043271437	1	8	223	233
-1813.793495762091	1	7	233	243
-1813.953665439579	1	7	243	253
-1814.2360508101754	1	7	253	263
-1814.2779154165826	1	7	263	273
-1814.2480927650183	1	8	273	283
-1813.7042475667502	1	8	283	293
-1813.5018169912255	1	7	293	303
-1812.7279423926404	1	8	303	313
-1814.1718185013162	1	8	313	323
-1813.4286399411205	1	8	323	333
-1808.2300548694222	1	10	333	343
-1812.77497287378	1	7	343	353
-1812.7701034081078	1	7	353	363
-1813.1866510247585	1	7	363	373
-1813.4757209568538	1	7	373	383
-1813.9644171230573	1	7	383	393
-1813.6980718583504	1	7	393	403
-1813.9851704332627	1	8	403	413
-1814.0729642888336	1	7	413	423
-1813.750360134111	1	7	423	433
-1813.7127513018963	1	9	433	443
-1813.8414592130466	1	7	443	453
-1812.1143307245204	1	9	453	463
-1813.803727611935	1	8	463	473
-1813.7461530364044	1	9	473	483
-1814.0012540606901	1	8	483	493
-1813.9563777391886	1	7	493	503
-1814.1092306286694	1	7	503	513
-1813.7402927120652	1	7	513	523
-1814.1647283162204	1	7	523	533
-1813.7574041737766	1	7	533	543
-1813.701985603223	1	8	543	553
-1812.605212497413	1	7	553	563
-1813.938046147589	1	8	563	573
-1814.0221368183002	1	7	573	583
-1813.9027372624284	1	7	583	593
-1813.038915701624	1	7	593	603
-1814.118885456424	1	7	603	613
-1814.0265419638902	1	7	613	623
-1813.8998210996112	1	7	623	633
-1813.4364368864476	1	8	633	643
-1813.4899870059476	1	7	643	653
-1813.9243893141245	1	7	653	663
-1813.9519442532885	1	7	663	673
-1814.2013355395884	1	8	673	683
-1814.373614618192	1	7	683	693
-1813.9815711617584	1	7	693	703
-1812.5289703988146	1	7	703	713
-1813.6383470660473	1	7	713	723
-1813.5601807710584	1	8	723	733
-1814.1956268226477	1	8	733	743
-1812.565115885265	1	7	743	753
-1813.9549247297455	1	7	753	763
-1812.8447474539314	1	7	763	773
-1813.6510115286526	1	8	773	783
-1813.5480299441883	1	7	783	793
-1814.109624848075	1	8	793	803
-1813.6982636011276	1	7	803	813
-1814.1323095321445	1	7	813	823
-1813.92252493103	1	8	823	833
-1812.737234860406	1	10	833	843
-1813.8901187188478	1	7	843	853
-1814.1500729372692	1	7	853	863
-1813.5629803572356	1	7	863	873
-1814.0253778602869	1	8	873	883
-1812.669186836379	1	7	883	893
-1813.9950610917288	1	7	893	903
-1814.119644738475	1	7	903	913
-1814.3526640481086	1	9	913	923
-1814.4982973711984	1	7	923	933
-1813.5842791834589	1	8	933	943
-1814.1594702783555	1	7	943	953
-1814.2594835042153	1	9	953	963
-1814.4496879598073	1	7	963	973
-1814.020612192527	1	7	973	983
-1814.333695792868	1	7	983	993
-1807.7851562915782	4	11	1	6
-1811.6202404523076	4	9	6	16
-1811.7836751844186	4	8	16	26
-1812.8736988261164	4	8	26	36
-1813.2542092737367	4	7	36	46
-1813.0056850109327	4	7	46	56
-1812.8807056058165	4	7	56	66
-1813.3174329356755	4	7	66	76
-1813.2891389279353	4	7	76	86
-1813.773668573845	4	8	86	96
-1813.9901375267084	4	7	96	106
-1813.5734836709312	4	7	106	116
-1813.6285150398878	4	7	116	126
-1814.185783393816	4	7	126	136
-1813.7100339270999	4	7	136	146
-1813.9839329187203	4	7	146	156
-1814.2343374731493	4	7	156	166
-1812.8914583539863	4	7	166	176
-1814.3118557942983	4	7	176	186
-1814.273278115698	4	7	186	196
-1814.2417499267692	4	7	196	206
-1813.983481494521	4	7	206	216
-1814.034318675015	4	7	216	226
-1814.3401429750263	4	7	226	236
-1813.9787457342386	4	8	236	246
-1813.9403140727075	4	8	246	256
-1814.3580396834827	4	8	256	266
-1813.9497981494565	4	7	266	276
-1813.7686897833698	4	7	276	286
-1813.3702859460047	4	7	286	296
-1813.935037746473	4	8	296	306
-1814.1662477819516	4	7	306	316
-1814.2343975575423	4	7	316	326
-1813.0177603075535	4	8	326	336
-1814.3124831632933	4	7	336	346
-1812.3408545933846	4	7	346	356
-1814.3301754298845	4	7	356	366
-1814.1445932535876	4	7	366	376
-1814.273755567796	4	7	376	386
-1814.2339820110449	4	7	386	396
-1814.284344032452	4	7	396	406
-1814.0830979633354	4	8	406	416
-1814.549395050178	4	8	416	426
-1814.5281494822613	4	7	426	436
-1813.7745418639618	4	7	436	446
-1813.246879076564	4	7	446	456
-1814.4806909342565	4	7	456	466
-1813.164123311191	4	7	466	476
-1812.0155727237916	4	7	476	486
-1811.7910026971235	4	7	486	496
-1814.0019225911142	4	7	496	506
-1812.5776111404703	4	7	506	516
-1813.9136099669036	4	7	516	526
-1814.090429066456	4	9	526	536
-1813.3780628437655	4	7	536	546
-1813.899976668914	4	7	546	556
-1812.6461479566638	4	7	556	566
-1814.076371119729	4	7	566	576
-1814.2501066534878	4	7	576	586
-1813.7126240136433	4	8	586	596
-1813.765581861537	4	9	596	606
-1813.7627696663033	4	7	606	616
-1813.4863145208965	4	7	616	626
-1814.3106829031026	4	8	626	636
-1814.2472168152083	4	7	636	646
-1813.9727340978013	4	7	646	656
-1814.2857099346331	4	8	656	666
-1814.4962689885408	4	7	666	676
-1813.9595883655195	4	8	676	686
-1812.7401291266522	4	9	686	696
-1814.2614904909776	4	7	696	706
-1813.9496652524672	4	7	706	716
-1814.0689541083527	4	8	716	726
-1814.0799638882447	4	7	726	736
-1814.1508359459713	4	7	736	746
-1814.1919156359945	4	8	746	756
-1814.1561140333863	4	7	756	766
-1814.2808575709953	4	9	766	776
-1813.6050987246533	4	7	776	786
-1813.720938238877	4	8	786	796
-1814.2869814788698	4	7	796	806
-1814.1401988598766	4	7	806	816
-1814.2410427945572	4	7	816	826
-1812.9447310742848	4	7	826	836
-1813.2744403480644	4	7	836	846
-1814.0996327522696	4	7	846	856
-1814.4735824829197	4	7	856	866
-1814.5109235087991	4	7	866	876
-1813.843686366275	4	7	876	886
-1814.1727490175444	4	7	886	896
-1813.9606828695808	4	8	896	906
-1814.3838619206877	4	7	906	916
-1814.5076636124825	4	7	916	926
-1814.551027795768	4	7	926	936
-1814.2259065225442	4	7	936	946
-1812.9345117884284	4	7	946	956
-1812.3104662735723	4	7	956	966
-1813.8813108234338	4	7	966	976
-1814.367761262509	4	8	976	986
-1814.3587295190098	4	7	986	996
-1810.264797595853	9	16	1	11
-1810.7387898621112	9	7	11	21
-1811.636588990849	9	7	21	31
-1812.0559632300804	9	7	31	41
-1813.4135471857196	9	7	41	51
-1814.0144523101587	9	7	51	61
-1811.4839723784057	9	7	61	71
-1813.4606280123762	9	7	71	81
-1813.57540893877	9	7	81	91
-1814.2369317706016	9	7	91	101
-1809.9964444446996	9	10	101	111
-1811.7170266206617	9	7	111	121
-1812.2739806373008	9	9	121	131
-1812.5651621913373	9	7	131	141
-1813.081858268509	9	7	141	151
-1813.27519336599	9	9	151	161
-1813.3404914900314	9	7	161	171
-1813.2197708700785	9	7	171	181
-1813.3872363594255	9	7	181	191
-1813.0964314433918	9	7	191	201
-1813.5812851628414	9	7	201	211
-1813.945904628214	9	7	211	221
-1813.1011599136082	9	7	221	231
-1812.969373713871	9	7	231	241
-1813.739189214792	9	8	241	251
-1813.7805196390495	9	10	251	261
-1813.8089645970451	9	7	261	271
-1812.8396132323605	9	9	271	281
-1811.127034110026	9	10	281	291
-1812.6815046679542	9	7	291	301
-1812.976807032012	9	7	301	311
-1812.9905193197524	9	8	311	321
-1813.067678415905	9	7	321	331
-1813.2341207858765	9	8	331	341
-1812.959585525056	9	7	341	351
-1813.516259551257	9	7	351	361
-1813.7003841144412	9	7	361	371
-1813.5781818789162	9	8	371	381
-1813.8861599506838	9	7	381	391
-1813.9667252247043	9	7	391	401
-1813.1697214326036	9	8	401	411
-1814.2258877573227	9	7	411	421
-1813.682247985807	9	7	421	431
-1811.6582112766553	9	10	431	441
-1812.78162387548	9	7	441	451
-1812.6515489280034	9	8	451	461
-1812.3324172643302	9	7	461	471
-1812.4902510045317	9	7	471	481
-1813.3019322626649	9	8	481	491
-1812.7004450104243	9	9	491	501
-1813.833765594133	9	7	501	511
-1811.824032406355	9	7	511	521
-1812.6649289796087	9	7	521	531
-1813.127797277331	9	8	531	541
-1814.0389314188164	9	7	541	551
-1813.8381518170079	9	7	551	561
-1812.9346596568712	9	7	561	571
-1812.819638178656	9	8	571	581
-1813.7763248061826	9	9	581	591
-1811.920473060135	9	8	591	601
-1813.883752637849	9	7	601	611
-1813.5640797604588	9	7	611	621
-1813.266784686405	9	7	621	631
-1814.1652976150453	9	7	631	641
-1813.035181435083	9	8	641	651
-1813.421185794531	9	7	651	661
-1813.7657158507213	9	7	661	671
-1813.8252284405858	9	9	671	681
-1813.3657311144823	9	7	681	691
-1813.9102190124477	9	7	691	701
-1813.6324707039046	9	7	701	711
-1814.1310082817993	9	7	711	721
-1814.0653199042847	9	7	721	731
-1813.6536790653556	9	9	731	741
-1813.4483794364673	9	7	741	751
-1813.5679474971023	9	7	751	761
-1813.7143750555947	9	7	761	771
-1813.5711898522836	9	7	771	781
-1813.9084560301044	9	7	781	791
-1814.0744520684223	9	7	791	801
-1813.4757457708101	9	8	801	811
-1813.932405837685	9	9	811	821
-1813.611035378282	9	9	821	831
-1814.1498855640884	9	7	831	841
-1813.9672930836582	9	7	841	851
-1814.0510917918753	9	8	851	861
-1814.0365010918658	9	10	861	871
-1813.59555420682	9	10	871	881
-1813.9133511588607	9	7	881	891
-1814.1628761009301	9	7	891	901
-1813.7458386046783	9	7	901	911
-1813.9312524508211	9	7	911	921
-1814.3300901291898	9	7	921	931
-1813.3392502457411	9	7	931	941
-1813.9766154416106	9	7	941	951
-1813.150790460052	9	7	951	961
-1813.923196766831	9	7	961	971
-1812.9740030719042	9	7	971	981
-1814.2176683230166	9	8	981	991
-1813.6263115852537	9	7	991	1000
-1811.1185008763537	3	10	1	5
-1812.4047058056797	3	7	5	15
-1813.1846413215294	3	7	15	25
-1813.665137574322	3	7	25	35
-1813.6166608607205	3	7	35	45
-1813.5746431828131	3	7	45	55
-1813.386622952998	3	7	55	65
-1814.1122349362097	3	7	65	75
-1813.99829462531	3	7	75	85
-1813.1627832010988	3	7	85	95
-1814.0681716212491	3	7	95	105
-1814.3562892722155	3	8	105	115
-1813.5132762944609	3	7	115	125
-1813.6614257470992	3	7	125	135
-1814.1740624285762	3	7	135	145
-1814.127498949977	3	7	145	155
-1813.602482723562	3	9	155	165
-1814.0684204652493	3	8	165	175
-1814.1362665494098	3	8	175	185
-1813.8183357701646	3	7	185	195
-1813.493407140275	3	7	195	205
-1813.8792377445227	3	8	205	215
-1814.1759721166532	3	9	215	225
-1813.6476886326245	3	8	225	235
-1814.2326939211302	3	7	235	245
-1814.230907391778	3	7	245	255
-1813.7101127626659	3	7	255	265
-1813.935650563465	3	7	265	275
-1814.056258602091	3	7	275	285
-1813.2513902831083	3	7	285	295
-1813.9918584591355	3	7	295	305
-1813.990418106684	3	8	305	315
-1814.091584444999	3	7	315	325
-1813.2693930372166	3	7	325	335
-1813.622656991414	3	7	335	345
-1813.758467047225	3	7	345	355
-1813.604792500899	3	7	355	365
-1812.8678565342188	3	7	365	375
-1814.0515515623115	3	8	375	385
-1814.1494525761912	3	8	385	395
-1813.6642930237122	3	7	395	405
-1810.2731337904322	3	7	405	415
-1812.9534156137488	3	7	415	425
-1812.6403297450406	3	7	425	435
-1813.256785427106	3	7	435	445
-1812.316877492145	3	8	445	455
-1812.9902375868642	3	8	455	465
-1813.34418470814	3	7	465	475
-1813.2954284068162	3	8	475	485
-1813.7228764534275	3	7	485	495
-1813.8538241752017	3	7	495	505
-1813.1250045966794	3	7	505	515
-1813.038565830877	3	9	515	525
-1813.4793189868985	3	7	525	535
-1813.844709056376	3	7	535	545
-1813.9967809116106	3	7	545	555
-1813.9520979159028	3	7	555	565
-1813.3884492649524	3	8	565	575
-1813.41516255981	3	7	575	585
-1813.999220380597	3	7	585	595
-1813.8588175337557	3	9	595	605
-1813.3165547794729	3	7	605	615
-1813.6230719091104	3	7	615	625
-1813.8097667644074	3	8	625	635
-1813.472381943633	3	7	635	645
-1813.9383683085255	3	7	645	655
-1813.3384267907663	3	7	655	665
-1813.6427610444132	3	7	665	675
-1813.5381010925403	3	7	675	685
-1813.9397884588736	3	7	685	695
-1813.6807466377852	3	7	695	705
-1813.9246655639529	3	7	705	715
-1813.9867277183346	3	8	715	725
-1813.4323824598716	3	7	725	735
-1813.8386187690624	3	7	735	745
-1813.7965912310603	3	7	745	755
-1813.7312721306187	3	7	755	765
-1807.2701844674955	3	10	765	775
-1812.6155192837903	3	8	775	785
-1811.6627812108025	3	7	785	795
-1813.218535185492	3	7	795	805
-1813.1028659072945	3	7	805	815
-1813.482281107194	3	7	815	825
-1813.496191520157	3	8	825	835
-1813.424836035378	3	7	835	845
-1813.766810714196	3	7	845	855
-1813.0949243681712	3	10	855	865
-1813.8395856183852	3	7	865	875
-1813.961704450154	3	9	875	885
-1813.8908791379856	3	7	885	895
-1813.9194719107118	3	7	895	905
-1813.718608278703	3	8	905	915
-1813.6424378015515	3	7	915	925
-1813.4767372450879	3	9	925	935
-1813.9226270547604	3	7	935	945
-1813.383395528177	3	7	945	955
-1814.077730862257	3	7	955	965
-1814.0807181020139	3	7	965	975
-1814.057392973002	3	7	975	985
-1813.534802285339	3	7	985	995
-1807.7851562915782	2	9	1	4
-1811.6202404523076	2	9	4	14
-1811.7390477846611	2	7	14	24
-1811.767152814443	2	7	24	34
-1813.1291077434666	2	8	34	44
-1813.0011454554083	2	7	44	54
-1812.950521002787	2	8	54	64
-1814.0370381894897	2	7	64	74
-1813.8658069658659	2	7	74	84
-1814.09044495674	2	9	84	94
-1814.2170365646252	2	7	94	104
-1813.8763769210598	2	7	104	114
-1814.023301155177	2	7	114	124
-1814.3987844079682	2	7	124	134
-1814.2520899260896	2	8	134	144
-1814.3510792718998	2	11	144	154
-1813.822157977961	2	8	154	164
-1813.918039088354	2	7	164	174
-1808.1402344978642	2	10	174	184
-1812.4070890351318	2	9	184	194
-1812.7509777961254	2	7	194	204
-1813.455714624959	2	8	204	214
-1813.2556666086496	2	7	214	224
-1813.5113500612915	2	8	224	234
-1812.8320297305886	2	7	234	244
-1813.761549583519	2	7	244	254
-1814.1903539613784	2	7	254	264
-1814.149976874003	2	7	264	274
-1813.951589294442	2	7	274	284
-1814.2803282799512	2	7	284	294
-1811.6634048008857	2	8	294	304
-1806.6473459082367	2	7	304	314
-1812.705034928875	2	7	314	324
-1812.2964762546524	2	7	324	334
-1813.4627721802967	2	7	334	344
-1813.2761557131087	2	9	344	354
-1813.6203734023554	2	8	354	364
-1813.3529885260687	2	7	364	374
-1813.7261864130744	2	7	374	384
-1813.8077967455552	2	7	384	394
-1814.2604447896763	2	8	394	404
-1813.0864352771778	2	7	404	414
-1813.7356870765354	2	7	414	424
-1813.4257105110216	2	7	424	434
-1813.9577622647878	2	8	434	444
-1814.0715707427808	2	7	444	454
-1814.1282003619922	2	7	454	464
-1813.1614827567341	2	8	464	474
-1814.1669054703523	2	7	474	484
-1814.3058077030842	2	7	484	494
-1809.039979031687	2	10	494	504
-1812.4649843688178	2	7	504	514
-1808.5688201360047	2	10	514	524
-1812.0153114976267	2	7	524	534
-1813.1070392955714	2	7	534	544
-1812.7429532500857	2	7	544	554
-1813.4853177389691	2	7	554	564
-1813.382151860222	2	7	564	574
-1813.8875946433243	2	7	574	584
-1813.9673766623469	2	7	584	594
-1814.1706260237615	2	7	594	604
-1814.2674907236044	2	8	604	614
-1813.466017456711	2	7	614	624
-1813.294407397967	2	8	624	634
-1813.9244028840158	2	7	634	644
-1813.775931957914	2	7	644	654
-1813.4198166213343	2	7	654	664
-1814.2829157590006	2	9	664	674
-1814.0111606435048	2	7	674	684
-1813.6308534375316	2	8	684	694
-1814.1854943567623	2	7	694	704
-1814.1845371515049	2	7	704	714
-1814.1159117612858	2	7	714	724
-1814.1170182869537	2	7	724	734
-1813.6044858420103	2	7	734	744
-1814.0988470719951	2	8	744	754
-1814.2712736604335	2	7	754	764
-1814.133523653369	2	7	764	774
-1808.4780537602203	2	10	774	784
-1807.9667988024648	2	10	784	794
-1812.8062567397021	2	7	794	804
-1813.157975358014	2	7	804	814
-1813.4172336684426	2	7	814	824
-1813.628267905678	2	7	824	834
-1813.1540058705414	2	9	834	844
-1813.3570929230007	2	7	844	854
-1814.2046785967345	2	7	854	864
-1813.8462291060414	2	7	864	874
-1814.0326107120989	2	8	874	884
-1814.1836788215014	2	7	884	894
-1814.4215243815477	2	7	894	904
-1813.8251301736311	2	7	904	914
-1814.395110555799	2	7	914	924
-1813.3928841092325	2	8	924	934
-1814.3106021828783	2	7	934	944
-1814.1833284664108	2	9	944	954
-1814.0008119991173	2	7	954	964
-1814.466066774765	2	7	964	974
-1813.7796715727977	2	10	974	984
-1813.9399838093323	2	7	984	994
